train  = cfg/train_pku_baidu.txt
valid  = cfg/valid_pku_baidu.txt

backup = ../../baidu_model/backup

gpus = 0
im_width = 3384
im_height = 2710

fx = 2304.5479
fy = 2305.8757
u0 = 1686.2379
v0 = 1354.9849

